0.251491 1.000000 1.000000 0 2591 0
0.041757 1.000000 1.000000 0 4660 1
0.738311 1.000000 1.000000 4 5863 0
0.492381 1.000000 1.000000 4 8518 1
0.505698 1.000000 1.000000 8 1871 0
0.148907 1.000000 1.000000 8 7673 1
0.058218 1.000000 1.000000 12 3762 0
0.709992 1.000000 1.000000 12 1649 1
0.758915 1.000000 1.000000 16 7167 0
0.999061 1.000000 1.000000 16 8913 1
0.779749 1.000000 1.000000 20 6796 0
0.984280 1.000000 1.000000 20 2288 1
0.686577 1.000000 1.000000 24 2860 0
0.997041 1.000000 1.000000 24 3488 1
0.291865 1.000000 1.000000 28 5817 0
0.912582 1.000000 1.000000 28 9910 1
0.135734 1.000000 1.000000 32 7563 0
0.910980 1.000000 1.000000 32 3624 1
0.046762 1.000000 1.000000 36 7998 0
0.722165 1.000000 1.000000 36 4076 1
0.349310 1.000000 1.000000 40 2702 0
0.732616 1.000000 1.000000 40 2631 1
0.187748 1.000000 1.000000 44 1177 0
0.090605 1.000000 1.000000 44 6940 1
0.333570 1.000000 1.000000 48 6172 0
0.736156 1.000000 1.000000 48 6666 1
0.001129 1.000000 1.000000 52 6040 0
0.863933 1.000000 1.000000 52 6737 1
0.829030 1.000000 1.000000 56 9664 0
0.570362 1.000000 1.000000 56 9932 1
0.612333 1.000000 1.000000 60 6310 0
0.592828 1.000000 1.000000 60 1234 1
0.688158 1.000000 1.000000 64 3396 0
0.070393 1.000000 1.000000 64 2655 1
0.483698 1.000000 1.000000 68 2111 0
0.354861 1.000000 1.000000 68 3935 1
0.028822 1.000000 1.000000 72 8583 0
0.307847 1.000000 1.000000 72 5977 1
0.522313 1.000000 1.000000 76 7689 0
0.983104 1.000000 1.000000 76 2345 1
0.809999 1.000000 1.000000 80 4260 0
0.499363 1.000000 1.000000 80 7305 1
0.205663 1.000000 1.000000 84 761 0
0.704917 1.000000 1.000000 84 5626 1
0.797623 1.000000 1.000000 88 385 0
0.572101 1.000000 1.000000 88 7957 1
0.320965 1.000000 1.000000 92 2956 0
0.646780 1.000000 1.000000 92 2675 1
0.967150 1.000000 1.000000 96 2299 0
0.138012 1.000000 1.000000 96 1222 1
0.330117 1.000000 1.000000 100 7555 0
0.547422 1.000000 1.000000 100 767 1
0.668082 1.000000 1.000000 104 3413 0
0.727151 1.000000 1.000000 104 6906 1
0.291690 1.000000 1.000000 108 1904 0
0.577713 1.000000 1.000000 108 3442 1
0.156886 1.000000 1.000000 112 4504 0
0.922289 1.000000 1.000000 112 2698 1
0.351971 1.000000 1.000000 116 540 0
0.712751 1.000000 1.000000 116 1039 1
0.230910 1.000000 1.000000 120 6372 0
0.213316 1.000000 1.000000 120 3382 1
0.470677 1.000000 1.000000 124 7499 0
0.556556 1.000000 1.000000 124 155 1
0.798570 1.000000 1.000000 128 514 0
0.507981 1.000000 1.000000 128 6042 1
0.972416 1.000000 1.000000 132 6658 0
0.051175 1.000000 1.000000 132 291 1
0.554253 1.000000 1.000000 136 3184 0
0.305258 1.000000 1.000000 136 3441 1
0.395150 1.000000 1.000000 140 5077 0
0.686678 1.000000 1.000000 140 6347 1
0.225373 1.000000 1.000000 144 7723 0
0.240379 1.000000 1.000000 144 4067 1
0.642179 1.000000 1.000000 148 7079 0
0.951963 1.000000 1.000000 148 5667 1
0.485033 1.000000 1.000000 152 6564 0
0.878824 1.000000 1.000000 152 9031 1
0.571940 1.000000 1.000000 156 1544 0
0.540003 1.000000 1.000000 156 4580 1
0.666611 1.000000 1.000000 160 3744 0
0.253835 1.000000 1.000000 160 3806 1
0.359428 1.000000 1.000000 164 1809 0
0.023456 1.000000 1.000000 164 6811 1
0.307887 1.000000 1.000000 168 8194 0
0.414393 1.000000 1.000000 168 9656 1
0.260811 1.000000 1.000000 172 9289 0
0.075295 1.000000 1.000000 172 9395 1
0.176093 1.000000 1.000000 176 8541 0
0.189487 1.000000 1.000000 176 3994 1
0.348925 1.000000 1.000000 180 2060 0
0.582055 1.000000 1.000000 180 9355 1
0.719996 1.000000 1.000000 184 435 0
0.040495 1.000000 1.000000 184 6309 1
0.557468 1.000000 1.000000 188 4181 0
0.391032 1.000000 1.000000 188 7785 1
0.332357 1.000000 1.000000 192 7082 0
0.494562 1.000000 1.000000 192 7049 1
0.977400 1.000000 1.000000 196 5127 0
0.747691 1.000000 1.000000 196 6822 1
0.873525 1.000000 1.000000 200 638 0
0.120497 1.000000 1.000000 200 3562 1
0.221473 1.000000 1.000000 204 699 0
0.427495 1.000000 1.000000 204 8188 1
0.090879 1.000000 1.000000 208 2975 0
0.660699 1.000000 1.000000 208 4788 1
0.923571 1.000000 1.000000 212 4882 0
0.897884 1.000000 1.000000 212 273 1
0.466818 1.000000 1.000000 216 1221 0
0.383883 1.000000 1.000000 216 4328 1
0.617957 1.000000 1.000000 220 1636 0
0.853833 1.000000 1.000000 220 4595 1
0.016652 1.000000 1.000000 224 7828 0
0.453923 1.000000 1.000000 224 7233 1
0.081357 1.000000 1.000000 228 3780 0
0.715151 1.000000 1.000000 228 6234 1
0.389597 1.000000 1.000000 232 2720 0
0.483509 1.000000 1.000000 232 7957 1
0.765547 1.000000 1.000000 236 4436 0
0.799333 1.000000 1.000000 236 4498 1
0.288321 1.000000 1.000000 240 2856 0
0.132098 1.000000 1.000000 240 4896 1
0.164194 1.000000 1.000000 244 6485 0
0.741935 1.000000 1.000000 244 4809 1
0.115353 1.000000 1.000000 248 1990 0
0.566082 1.000000 1.000000 248 8104 1
0.598914 1.000000 1.000000 252 1618 0
0.532084 1.000000 1.000000 252 6672 1
0.547571 1.000000 1.000000 256 1842 0
0.625812 1.000000 1.000000 256 3777 1
0.055821 1.000000 1.000000 260 1711 0
0.783684 1.000000 1.000000 260 3878 1
0.169850 1.000000 1.000000 264 1953 0
0.231220 1.000000 1.000000 264 4914 1
0.156654 1.000000 1.000000 268 456 0
0.778721 1.000000 1.000000 268 6659 1
0.828311 1.000000 1.000000 272 1720 0
0.372202 1.000000 1.000000 272 650 1
0.298271 1.000000 1.000000 276 7461 0
0.226886 1.000000 1.000000 276 2359 1
0.907482 1.000000 1.000000 280 6034 0
0.950366 1.000000 1.000000 280 7418 1
0.100074 1.000000 1.000000 284 5950 0
0.068782 1.000000 1.000000 284 7353 1
0.522783 1.000000 1.000000 288 184 0
0.292821 1.000000 1.000000 288 4896 1
0.917217 1.000000 1.000000 292 7585 0
0.378548 1.000000 1.000000 292 2691 1
0.365922 1.000000 1.000000 296 4467 0
0.048685 1.000000 1.000000 296 2642 1
0.531404 1.000000 1.000000 300 7850 0
0.080683 1.000000 1.000000 300 5224 1
0.519071 1.000000 1.000000 304 8607 0
0.332836 1.000000 1.000000 304 3866 1
0.797787 1.000000 1.000000 308 1518 0
0.045403 1.000000 1.000000 308 2920 1
0.774277 1.000000 1.000000 312 4843 0
0.032389 1.000000 1.000000 312 4729 1
0.192046 1.000000 1.000000 316 463 0
0.406969 1.000000 1.000000 316 6649 1
0.389968 1.000000 1.000000 320 9802 0
0.566762 1.000000 1.000000 320 7070 1
0.661058 1.000000 1.000000 324 3055 0
0.120032 1.000000 1.000000 324 3850 1
0.123565 1.000000 1.000000 328 8846 0
0.860113 1.000000 1.000000 328 221 1
0.760097 1.000000 1.000000 332 7318 0
0.929561 1.000000 1.000000 332 8334 1
0.276574 1.000000 1.000000 336 3610 0
0.304838 1.000000 1.000000 336 8306 1
0.023431 1.000000 1.000000 340 6757 0
0.777587 1.000000 1.000000 340 1692 1
0.856899 1.000000 1.000000 344 4924 0
0.973594 1.000000 1.000000 344 5448 1
0.475872 1.000000 1.000000 348 5408 0
0.613895 1.000000 1.000000 348 9254 1
0.383176 1.000000 1.000000 352 1794 0
0.958690 1.000000 1.000000 352 7873 1
0.628275 1.000000 1.000000 356 3538 0
0.371776 1.000000 1.000000 356 3795 1
0.313190 1.000000 1.000000 360 6476 0
0.231600 1.000000 1.000000 360 4840 1
0.818111 1.000000 1.000000 364 6987 0
0.035466 1.000000 1.000000 364 8521 1
0.332163 1.000000 1.000000 368 7404 0
0.272081 1.000000 1.000000 368 5544 1
0.058306 1.000000 1.000000 372 5695 0
0.170585 1.000000 1.000000 372 9108 1
0.213418 1.000000 1.000000 376 2279 0
0.093569 1.000000 1.000000 376 4584 1
0.221007 1.000000 1.000000 380 2671 0
0.104876 1.000000 1.000000 380 1043 1
0.165681 1.000000 1.000000 384 9898 0
0.774811 1.000000 1.000000 384 7240 1
0.766747 1.000000 1.000000 388 9525 0
0.882181 1.000000 1.000000 388 5291 1
0.229638 1.000000 1.000000 392 2147 0
0.252068 1.000000 1.000000 392 8868 1
0.908103 1.000000 1.000000 396 7180 0
0.282095 1.000000 1.000000 396 5697 1
0.296095 1.000000 1.000000 400 9078 0
0.579351 1.000000 1.000000 400 1198 1
0.858688 1.000000 1.000000 404 9163 0
0.446435 1.000000 1.000000 404 1794 1
0.976132 1.000000 1.000000 408 444 0
0.776190 1.000000 1.000000 408 4653 1
0.167070 1.000000 1.000000 412 8294 0
0.169229 1.000000 1.000000 412 5266 1
0.170989 1.000000 1.000000 416 6478 0
0.146934 1.000000 1.000000 416 3568 1
0.466512 1.000000 1.000000 420 7930 0
0.359149 1.000000 1.000000 420 8387 1
0.239708 1.000000 1.000000 424 9654 0
0.191880 1.000000 1.000000 424 9455 1
0.339274 1.000000 1.000000 428 4511 0
0.850226 1.000000 1.000000 428 7550 1
0.537846 1.000000 1.000000 432 3322 0
0.237365 1.000000 1.000000 432 3545 1
0.034536 1.000000 1.000000 436 929 0
0.190511 1.000000 1.000000 436 6993 1
0.484997 1.000000 1.000000 440 6856 0
0.815453 1.000000 1.000000 440 4999 1
0.141641 1.000000 1.000000 444 4594 0
0.791335 1.000000 1.000000 444 7471 1
0.162763 1.000000 1.000000 448 9279 0
0.478763 1.000000 1.000000 448 2333 1
0.825858 1.000000 1.000000 452 7653 0
0.429943 1.000000 1.000000 452 7113 1
0.399416 1.000000 1.000000 456 8544 0
0.398463 1.000000 1.000000 456 7829 1
0.103816 1.000000 1.000000 460 6858 0
0.035535 1.000000 1.000000 460 8968 1
0.478457 1.000000 1.000000 464 1155 0
0.062714 1.000000 1.000000 464 2521 1
0.607021 1.000000 1.000000 468 8650 0
0.911411 1.000000 1.000000 468 1532 1
0.064426 1.000000 1.000000 472 3495 0
0.593011 1.000000 1.000000 472 9449 1
0.379854 1.000000 1.000000 476 3933 0
0.053801 1.000000 1.000000 476 2722 1
0.171521 1.000000 1.000000 480 7790 0
0.844930 1.000000 1.000000 480 9780 1
0.336881 1.000000 1.000000 484 6443 0
0.136180 1.000000 1.000000 484 3094 1
0.861131 1.000000 1.000000 488 5112 0
0.497977 1.000000 1.000000 488 6055 1
0.256615 1.000000 1.000000 492 9225 0
0.760192 1.000000 1.000000 492 7122 1
0.766242 1.000000 1.000000 496 5753 0
0.472102 1.000000 1.000000 496 2844 1
0.451132 1.000000 1.000000 500 6798 0
0.384487 1.000000 1.000000 500 8751 1
0.875862 1.000000 1.000000 504 6237 0
0.476088 1.000000 1.000000 504 9852 1
0.815238 1.000000 1.000000 508 7945 0
0.602494 1.000000 1.000000 508 4064 1
0.663314 1.000000 1.000000 512 320 0
0.375488 1.000000 1.000000 512 3533 1
0.290238 1.000000 1.000000 516 6587 0
0.622886 1.000000 1.000000 516 8928 1
0.405185 1.000000 1.000000 520 6583 0
0.847450 1.000000 1.000000 520 9769 1
0.251774 1.000000 1.000000 524 3974 0
0.547396 1.000000 1.000000 524 3817 1
0.345807 1.000000 1.000000 528 612 0
0.639944 1.000000 1.000000 528 5185 1
0.734603 1.000000 1.000000 532 2974 0
0.581671 1.000000 1.000000 532 186 1
0.730245 1.000000 1.000000 536 8252 0
0.536890 1.000000 1.000000 536 3615 1
0.395938 1.000000 1.000000 540 4148 0
0.401078 1.000000 1.000000 540 2626 1
0.206828 1.000000 1.000000 544 6632 0
0.479900 1.000000 1.000000 544 8961 1
0.841887 1.000000 1.000000 548 4483 0
0.478481 1.000000 1.000000 548 1494 1
0.430395 1.000000 1.000000 552 6749 0
0.815441 1.000000 1.000000 552 3406 1
0.153173 1.000000 1.000000 556 2159 0
0.050647 1.000000 1.000000 556 514 1
0.537019 1.000000 1.000000 560 1852 0
0.058160 1.000000 1.000000 560 7852 1
0.464328 1.000000 1.000000 564 1712 0
0.165310 1.000000 1.000000 564 5459 1
0.946373 1.000000 1.000000 568 799 0
0.836485 1.000000 1.000000 568 1204 1
0.628065 1.000000 1.000000 572 7542 0
0.872923 1.000000 1.000000 572 9028 1
0.210953 1.000000 1.000000 576 9648 0
0.838710 1.000000 1.000000 576 6096 1
0.431149 1.000000 1.000000 580 882 0
0.620164 1.000000 1.000000 580 6585 1
0.211512 1.000000 1.000000 584 9307 0
0.771391 1.000000 1.000000 584 8146 1
0.277241 1.000000 1.000000 588 6117 0
0.202858 1.000000 1.000000 588 2986 1
0.191730 1.000000 1.000000 592 5601 0
0.847430 1.000000 1.000000 592 5149 1
0.088719 1.000000 1.000000 596 3627 0
0.693275 1.000000 1.000000 596 2887 1
0.054927 1.000000 1.000000 600 8363 0
0.596763 1.000000 1.000000 600 6596 1
0.508828 1.000000 1.000000 604 2229 0
0.494096 1.000000 1.000000 604 4640 1
0.599235 1.000000 1.000000 608 4248 0
0.401124 1.000000 1.000000 608 6626 1
0.361644 1.000000 1.000000 612 3129 0
0.039313 1.000000 1.000000 612 3173 1
0.865734 1.000000 1.000000 616 3495 0
0.886910 1.000000 1.000000 616 2280 1
0.345363 1.000000 1.000000 620 1356 0
0.999892 1.000000 1.000000 620 7900 1
0.829882 1.000000 1.000000 624 7506 0
0.240760 1.000000 1.000000 624 9651 1
0.531652 1.000000 1.000000 628 606 0
0.595311 1.000000 1.000000 628 6896 1
0.043117 1.000000 1.000000 632 5527 0
0.964459 1.000000 1.000000 632 8745 1
0.585885 1.000000 1.000000 636 5296 0
0.197660 1.000000 1.000000 636 3386 1
0.237439 1.000000 1.000000 640 9548 0
0.571275 1.000000 1.000000 640 8599 1
0.785390 1.000000 1.000000 644 7103 0
0.758429 1.000000 1.000000 644 6337 1
0.359784 1.000000 1.000000 648 8759 0
0.088941 1.000000 1.000000 648 689 1
0.468513 1.000000 1.000000 652 1596 0
0.713282 1.000000 1.000000 652 3628 1
0.022917 1.000000 1.000000 656 1517 0
0.334201 1.000000 1.000000 656 1373 1
0.054688 1.000000 1.000000 660 4674 0
0.969700 1.000000 1.000000 660 501 1
0.634123 1.000000 1.000000 664 2021 0
0.684571 1.000000 1.000000 664 1643 1
0.184448 1.000000 1.000000 668 3008 0
0.198020 1.000000 1.000000 668 8659 1
0.412091 1.000000 1.000000 672 3195 0
0.930686 1.000000 1.000000 672 4487 1
0.833030 1.000000 1.000000 676 9719 0
0.513739 1.000000 1.000000 676 7647 1
0.742204 1.000000 1.000000 680 4623 0
0.414198 1.000000 1.000000 680 5254 1
0.360100 1.000000 1.000000 684 7706 0
0.753198 1.000000 1.000000 684 4592 1
0.022623 1.000000 1.000000 688 5742 0
0.010900 1.000000 1.000000 688 5253 1
0.902372 1.000000 1.000000 692 7743 0
0.760494 1.000000 1.000000 692 5832 1
0.634869 1.000000 1.000000 696 7368 0
0.760584 1.000000 1.000000 696 7959 1
0.331842 1.000000 1.000000 700 9089 0
0.704142 1.000000 1.000000 700 354 1
0.748243 1.000000 1.000000 704 2115 0
0.412725 1.000000 1.000000 704 4714 1
0.199361 1.000000 1.000000 708 4068 0
0.821908 1.000000 1.000000 708 5675 1
0.126362 1.000000 1.000000 712 5732 0
0.683408 1.000000 1.000000 712 9801 1
0.281954 1.000000 1.000000 716 7385 0
0.404232 1.000000 1.000000 716 3725 1
0.073025 1.000000 1.000000 720 1760 0
0.539670 1.000000 1.000000 720 4518 1
0.358849 1.000000 1.000000 724 6728 0
0.631654 1.000000 1.000000 724 3899 1
0.174409 1.000000 1.000000 728 9275 0
0.463545 1.000000 1.000000 728 9463 1
0.366481 1.000000 1.000000 732 2346 0
0.172843 1.000000 1.000000 732 7231 1
0.460190 1.000000 1.000000 736 9996 0
0.335270 1.000000 1.000000 736 6619 1
0.590947 1.000000 1.000000 740 8651 0
0.852514 1.000000 1.000000 740 4601 1
0.338227 1.000000 1.000000 744 6546 0
0.611499 1.000000 1.000000 744 7005 1
0.427273 1.000000 1.000000 748 7679 0
0.132217 1.000000 1.000000 748 7941 1
0.226121 1.000000 1.000000 752 9616 0
0.526409 1.000000 1.000000 752 8797 1
0.283760 1.000000 1.000000 756 6260 0
0.359580 1.000000 1.000000 756 619 1
0.417275 1.000000 1.000000 760 6034 0
0.048579 1.000000 1.000000 760 9569 1
0.206871 1.000000 1.000000 764 1976 0
0.020874 1.000000 1.000000 764 8837 1
0.673875 1.000000 1.000000 768 361 0
0.631200 1.000000 1.000000 768 344 1
0.281848 1.000000 1.000000 772 9896 0
0.023272 1.000000 1.000000 772 5248 1
0.403299 1.000000 1.000000 776 7046 0
0.263256 1.000000 1.000000 776 5814 1
0.191687 1.000000 1.000000 780 1148 0
0.882329 1.000000 1.000000 780 2585 1
0.205828 1.000000 1.000000 784 5005 0
0.010660 1.000000 1.000000 784 7045 1
0.697810 1.000000 1.000000 788 3242 0
0.468953 1.000000 1.000000 788 9947 1
0.113290 1.000000 1.000000 792 8121 0
0.222375 1.000000 1.000000 792 6624 1
0.609626 1.000000 1.000000 796 3725 0
0.316865 1.000000 1.000000 796 7520 1
0.483569 1.000000 1.000000 800 5473 0
0.120350 1.000000 1.000000 800 4715 1
0.367893 1.000000 1.000000 804 6009 0
0.631709 1.000000 1.000000 804 3949 1
0.591081 1.000000 1.000000 808 5989 0
0.494293 1.000000 1.000000 808 10073 1
0.700168 1.000000 1.000000 812 9481 0
0.709833 1.000000 1.000000 812 3250 1
0.100841 1.000000 1.000000 816 2612 0
0.527694 1.000000 1.000000 816 5700 1
0.298658 1.000000 1.000000 820 3873 0
0.392867 1.000000 1.000000 820 9886 1
0.043661 1.000000 1.000000 824 1840 0
0.079002 1.000000 1.000000 824 8124 1
0.039548 1.000000 1.000000 828 479 0
0.585265 1.000000 1.000000 828 3062 1
0.256015 1.000000 1.000000 832 9587 0
0.208260 1.000000 1.000000 832 4816 1
0.016529 1.000000 1.000000 836 1692 0
0.603415 1.000000 1.000000 836 2903 1
0.277702 1.000000 1.000000 840 6931 0
0.540034 1.000000 1.000000 840 3929 1
0.624558 1.000000 1.000000 844 5695 0
0.592543 1.000000 1.000000 844 8784 1
0.069781 1.000000 1.000000 848 6240 0
0.825785 1.000000 1.000000 848 272 1
0.992290 1.000000 1.000000 852 4220 0
0.659871 1.000000 1.000000 852 4243 1
0.531066 1.000000 1.000000 856 8947 0
0.859410 1.000000 1.000000 856 8827 1
0.149693 1.000000 1.000000 860 4668 0
0.101626 1.000000 1.000000 860 7684 1
0.939031 1.000000 1.000000 864 1176 0
0.584510 1.000000 1.000000 864 7048 1
0.981325 1.000000 1.000000 868 8858 0
0.006551 1.000000 1.000000 868 5164 1
0.795558 1.000000 1.000000 872 9014 0
0.490159 1.000000 1.000000 872 6807 1
0.641980 1.000000 1.000000 876 8074 0
0.992985 1.000000 1.000000 876 3898 1
0.518553 1.000000 1.000000 880 8934 0
0.277658 1.000000 1.000000 880 9815 1
0.110312 1.000000 1.000000 884 7570 0
0.662291 1.000000 1.000000 884 2183 1
0.489602 1.000000 1.000000 888 1772 0
0.976061 1.000000 1.000000 888 913 1
0.531897 1.000000 1.000000 892 2459 0
0.604157 1.000000 1.000000 892 9122 1
0.330307 1.000000 1.000000 896 4399 0
0.041172 1.000000 1.000000 896 1601 1
0.046220 1.000000 1.000000 900 6371 0
0.822527 1.000000 1.000000 900 3051 1
0.528388 1.000000 1.000000 904 7593 0
0.476038 1.000000 1.000000 904 952 1
0.857298 1.000000 1.000000 908 9970 0
0.033481 1.000000 1.000000 908 6940 1
0.885499 1.000000 1.000000 912 2472 0
0.941541 1.000000 1.000000 912 916 1
0.126488 1.000000 1.000000 916 4018 0
0.606727 1.000000 1.000000 916 1874 1
0.943231 1.000000 1.000000 920 4472 0
0.500026 1.000000 1.000000 920 9274 1
0.801304 1.000000 1.000000 924 8217 0
0.046158 1.000000 1.000000 924 557 1
0.481806 1.000000 1.000000 928 480 0
0.287741 1.000000 1.000000 928 5241 1
0.357673 1.000000 1.000000 932 8750 0
0.620243 1.000000 1.000000 932 6944 1
0.371787 1.000000 1.000000 936 1553 0
0.955075 1.000000 1.000000 936 9177 1
0.157956 1.000000 1.000000 940 1742 0
0.225764 1.000000 1.000000 940 2677 1
0.028516 1.000000 1.000000 944 4679 0
0.308137 1.000000 1.000000 944 8257 1
0.540105 1.000000 1.000000 948 8691 0
0.802363 1.000000 1.000000 948 679 1
0.132074 1.000000 1.000000 952 3430 0
0.285247 1.000000 1.000000 952 6229 1
0.715063 1.000000 1.000000 956 7692 0
0.166856 1.000000 1.000000 956 7684 1
0.864916 1.000000 1.000000 960 5617 0
0.582920 1.000000 1.000000 960 5474 1
0.282606 1.000000 1.000000 964 4834 0
0.449857 1.000000 1.000000 964 6054 1
0.247350 1.000000 1.000000 968 6814 0
0.461213 1.000000 1.000000 968 8599 1
0.346030 1.000000 1.000000 972 4404 0
0.734425 1.000000 1.000000 972 2848 1
0.473570 1.000000 1.000000 976 8532 0
0.315697 1.000000 1.000000 976 9910 1
0.007378 1.000000 1.000000 980 6243 0
0.051757 1.000000 1.000000 980 6669 1
0.957528 1.000000 1.000000 984 392 0
0.944576 1.000000 1.000000 984 533 1
0.581546 1.000000 1.000000 988 254 0
0.390038 1.000000 1.000000 988 8915 1
0.568690 1.000000 1.000000 992 5356 0
0.655249 1.000000 1.000000 992 9914 1
0.410765 1.000000 1.000000 996 961 0
0.743462 1.000000 1.000000 996 2648 1
0.183155 1.000000 1.000000 1000 7987 0
0.448974 1.000000 1.000000 1000 3489 1
