 loaded 1000 event
0
0.0853333
0.170667
0.256
0.341333
0.426667
0.512
0.597333
0.682667
0.768
0.853333
0.938667
1.024
1.10933
1.19467
1.28
1.36533
1.45067
1.536
1.62133
1.70667
1.792
1.87733
1.96267
2.048
2.13333
2.21867
2.304
2.38933
2.47467
2.56
2.64533
2.73067
2.816
2.90133
2.98667
3.072
3.15733
3.24267
3.328
3.41333
3.49867
3.584
3.66933
3.75467
3.84
3.92533
4.01067
4.096
4.18133
4.26667
4.352
4.43733
4.52267
4.608
4.69333
4.77867
4.864
4.94933
5.03467
5.12
5.20533
5.29067
5.376
5.46133
5.54667
5.632
5.71733
5.80267
5.888
5.97333
6.05867
6.144
6.22933
6.31467
6.4
6.48533
6.57067
6.656
6.74133
6.82667
6.912
6.99733
7.08267
7.168
7.25333
7.33867
7.424
7.50933
7.59467
7.68
7.76533
7.85067
7.936
8.02133
8.10667
8.192
8.27733
8.36267
8.448
